14.4879518  .9578313
15.0301205  .1024096
14.4879518  .5361446
15.2469880  .5361446
15.1927711  .6204819
14.4337349  .1867470  
13.8554217  .5180723  
13.9096386  .7048193  
14.5602410  .2349398  
15.4096386  .4156627  
15.6084337  .8132530  
15.8614458  .4819277  
15.9337349  .1144578  
15.3012048  .2590361  
15.1204819  .1144578  
14.9759036  .8975904  
10.1867470  .9939759  
10.4216867  .8433735  
10.7650602  .3373494  
11.1807229  .1024096  
10.1144578  .4337349  
9.3734940  .1445783  
8.8132530  .6506024  
9.5542169  .2289157  
9.8253012  .5722892  
8.9036145  .7891566  
8.6867470  .9578313  
9.9337349  .9819277  
11.1445783  .5240964  
11.8674699  .8132530  
12.5361446  .9939759  
12.1746988  .5180723  
11.3253012  .8614458  
12.0481928  .9096386  
12.5180723  .8614458  
11.1084337  .5481928  
9.6445783  .3855422  
15.6265060 6.7710843  
14.6506024 6.7168675  
14.9397590 7.2951807  
15.8072289 7.2951807  
16.3132530 6.9337349  
16.0240964 6.3192771  
15.3012048 6.3192771  
13.5662651 6.3554217  
13.3855422 7.0783133  
14.5060241 8.0542169  
16.3132530 8.0903614  
16.8554217 7.6566265  
17.2891566 6.4638554  
16.5120482  .3072289  
15.1024096  .3975904  
13.0963855 6.3192771  
13.2590361 7.3674699  
14.4518072 7.8012048  
14.4698795 7.3132530  
14.1445783 7.0240964  
15.1385542 6.8975904  
15.4457831 8.0180723  
15.2650602 7.7831325  
8.3795181 7.2951807  
9.6987952 7.0060241  
10.2048193 6.8253012  
10.5843373 7.5662651  
9.8072289 8.2710843  
9.4819277 7.4397590  
8.9216867 6.6807229  
9.5361446 6.4277108  
10.5662651 6.3012048  
11.6867470 6.2108434  
11.9578313 6.2831325  
11.7228916 7.1144578  
11.1445783 7.2228916  
11.0361446 7.0602410  
11.3975904 6.7168675  
11.2168675 6.4819277  
11.0722892 6.0120482  
9.8072289  .7771084  
9.1024096 6.0662651  
8.1626506 6.5722892  
7.9277108 7.0240964  
8.5240964 8.0542169  
9.4457831 7.7469880  
10.2409639 7.7831325  
11.1626506 7.9096386  
12.1385542 6.7530120  
19.4036145  .1144578  
20.6867470  .5301205  
20.6506024  .8975904  
20.5602410  .6445783  
19.9457831  .2289157  
19.1686747  .9759036  
18.8433735  .2650602  
18.5180723  .1144578  
19.0963855  .9096386  
19.7289157  .6204819  
19.9277108  .2771084  
19.5481928  .8253012  
19.3132530  .6807229  
19.4578313  .2289157  
20.1084337  .6325301  
20.5602410  .7048193  
20.9578313  .3915663  
21.1566265  .7530120  
21.1746988  .3674699  
20.8132530  .0542169  
20.4698795  .4156627  
19.6746988  .6867470  
19.1686747  .3795181  
18.1927711  .5120482  
18.1024096  .7349398  
18.3915663  .6506024  
19.2951807  .1265060  
20.0180723  .0000000  
20.8493976  .0180723  
